193.95
193.95
194.01
194.01
194.10
194.05
194.10
193.81
193.81
193.83
193.79
193.80
193.55
193.55
193.53
193.53
193.67
193.72
193.59
193.59
193.66
193.66
193.47
193.47
193.49
193.49
193.40
193.40
193.32
193.32
193.40
193.44
193.46
193.29
193.29
193.23
193.06
193.06
193.19
193.17
193.16
193.16
193.19
193.19
193.17
193.20
193.21
193.21
193.13
193.13
193.09
193.06
193.08
193.08
193.03
193.04
193.07
193.07
193.12
193.12
193.16
193.22
193.29
193.31
193.31
193.33
193.33
193.14
193.14
193.18
193.13
193.10
193.06
193.06
193.02
193.02
193.10
193.10
193.09
193.09
193.14
193.14
193.32
193.32
193.15
193.15
193.24
193.24
193.10
193.10
193.12
193.14
